,available_cash,chg,interests,log_chg,mktime,profit,retrace,value
0,199929.43,-0.0021,199586.99,0.0021,20170105,-413.01,-0.2065,1.0
1,200202.2,-0.0039,198808.83,0.0039,20170106,-778.16,-0.5956,0.99
2,200252.61,0.0037,199539.25,-0.0037,20170109,730.42,-0.2304,1.0
3,204147.34,0.0207,203669.09,-0.0209,20170110,4129.84,1.8345,1.02
4,199603.86,-0.0042,202819.83,0.0042,20170111,-849.26,-0.417,1.01
5,200693.89,-0.0007,202671.2,0.0007,20170112,-148.63,-0.49,1.01
6,199933.74,-0.0053,201595.76,0.0053,20170113,-1075.44,-1.018,1.01
7,198163.2,-0.0103,199518.49,0.0103,20170116,-2077.27,-2.0379,1.0
8,201525.24,0.0138,202264.55,-0.0139,20170117,2746.06,-0.6896,1.01
9,202145.98,0.0094,204160.2,-0.0094,20170118,1895.65,0.2411,1.02
10,198371.71,-0.0093,202256.38,0.0093,20170119,-1903.82,-0.9325,1.01
11,199915.6,0.0006,202386.66,-0.0006,20170120,130.28,-0.8687,1.01
12,202036.62,0.0118,204779.43,-0.0119,20170123,2392.76,0.3033,1.02
13,199946.73,-0.0,204775.17,0.0,20170124,-4.25,-0.0021,1.02
14,200552.28,0.0059,205981.82,-0.0059,20170125,1206.65,0.5872,1.03
15,202099.32,0.0113,208312.82,-0.0114,20170126,2331.0,1.1317,1.04
16,201444.4,0.0073,209826.59,-0.0073,20170203,1513.77,0.7267,1.05
17,200858.5,0.0111,212151.39,-0.0111,20170206,2324.8,1.108,1.06
18,203204.67,0.0197,216337.81,-0.0199,20170207,4186.42,1.9733,1.08
19,201672.94,0.0113,218781.93,-0.0114,20170208,2444.12,1.1298,1.09
20,200496.3,0.004,219663.16,-0.004,20170209,881.23,0.4028,1.1
21,201203.98,0.0026,220228.13,-0.0026,20170210,564.97,0.2572,1.1
22,200608.79,0.0052,221370.75,-0.0052,20170213,1142.62,0.5188,1.11
23,200330.04,0.0042,222293.42,-0.0042,20170214,922.66,0.4168,1.11
24,203726.25,0.0156,225767.94,-0.0158,20170215,3474.52,1.563,1.13
25,201013.88,0.0051,226908.47,-0.0051,20170216,1140.53,0.5052,1.13
26,202554.9,0.0092,228989.14,-0.0092,20170217,2080.66,0.917,1.14
27,199121.45,-0.005,227837.03,0.005,20170220,-1152.11,-0.5031,1.14
28,202416.55,0.0121,230600.47,-0.0122,20170221,2763.44,0.7037,1.15
29,201176.05,0.0046,231652.39,-0.0046,20170222,1051.92,0.4562,1.16
30,200045.29,0.0022,232156.27,-0.0022,20170223,503.88,0.2175,1.16
31,204581.14,0.0219,237251.35,-0.0222,20170224,5095.07,2.1947,1.19
32,199769.34,-0.0021,236763.25,0.0021,20170227,-488.09,-0.2057,1.18
33,200720.42,0.005,237958.89,-0.0051,20170228,1195.64,0.2982,1.19
34,201270.35,0.0015,238313.27,-0.0015,20170301,354.39,0.1489,1.19
35,200314.35,0.0015,238681.14,-0.0015,20170302,367.86,0.1544,1.19
36,199214.67,-0.0037,237789.92,0.0037,20170303,-891.22,-0.3734,1.19
37,201060.02,0.0109,240371.71,-0.0109,20170306,2581.8,0.7083,1.2
38,202057.43,0.0093,242613.17,-0.0094,20170307,2241.45,0.9325,1.21
39,200500.56,0.0037,243508.99,-0.0037,20170308,895.82,0.3692,1.22
40,201686.16,0.0105,246076.6,-0.0106,20170309,2567.61,1.0544,1.23
41,200414.98,0.0008,246272.84,-0.0008,20170310,196.24,0.0797,1.23
42,201651.92,0.0091,248513.35,-0.0091,20170313,2240.51,0.9098,1.24
43,203447.65,0.0145,252120.52,-0.0146,20170314,3607.17,1.4515,1.26
44,199670.07,-0.0006,251964.22,0.0006,20170315,-156.31,-0.062,1.26
45,202875.64,0.0148,255690.33,-0.0149,20170316,3726.12,1.4159,1.28
46,202104.82,0.0088,257939.06,-0.0088,20170317,2248.73,0.8795,1.29
47,201262.22,0.0112,260820.8,-0.0112,20170320,2881.74,1.1172,1.3
48,204760.5,0.0176,265422.7,-0.0178,20170321,4601.9,1.7644,1.33
49,203259.29,0.0147,269319.15,-0.0148,20170322,3896.46,1.468,1.35
50,199744.25,-0.0032,268451.94,0.0032,20170323,-867.21,-0.322,1.34
51,205495.83,0.0211,274105.74,-0.0213,20170324,5653.8,1.7773,1.37
52,201145.33,0.0051,275506.46,-0.0051,20170327,1400.72,0.511,1.38
53,202702.59,0.0078,277662.77,-0.0079,20170328,2156.31,0.7827,1.39
54,205522.71,0.021,283503.24,-0.0213,20170329,5840.47,2.1034,1.42
55,200564.65,0.0008,283742.71,-0.0008,20170330,239.47,0.0845,1.42
56,202287.09,0.0043,284951.2,-0.0043,20170331,1208.49,0.4259,1.42
57,200895.58,0.004,286079.95,-0.004,20170405,1128.75,0.3961,1.43
58,202688.13,0.0097,288844.32,-0.0097,20170406,2764.37,0.9663,1.44
59,198707.68,-0.0046,287513.03,0.0046,20170407,-1331.29,-0.4609,1.44
60,199246.35,-0.0025,286801.19,0.0025,20170410,-711.84,-0.7073,1.43
61,202073.37,0.0098,289620.25,-0.0099,20170411,2819.06,0.2686,1.45
62,201563.12,0.0072,291717.98,-0.0073,20170412,2097.74,0.7243,1.46
63,200693.07,0.0001,291751.22,-0.0001,20170413,33.23,0.0114,1.46
64,198297.81,-0.0092,289056.9,0.0092,20170414,-2694.32,-0.9235,1.45
65,197506.69,-0.0109,285912.37,0.0108,20170417,-3144.53,-2.0013,1.43
66,200621.43,0.0022,286531.58,-0.0022,20170418,619.21,-1.7891,1.43
67,200415.31,0.0041,287702.08,-0.0041,20170419,1170.5,-1.3879,1.44
68,200688.5,0.0016,288175.08,-0.0016,20170420,473.0,-1.2257,1.44
69,200594.53,0.001,288452.51,-0.001,20170421,277.42,-1.1307,1.44
70,199110.75,-0.0037,287397.75,0.0036,20170424,-1054.76,-1.4922,1.44
71,202629.9,0.0106,290446.05,-0.0107,20170425,3048.3,-0.4474,1.45
72,199898.29,-0.0006,290263.19,0.0006,20170426,-182.86,-0.51,1.45
73,203045.05,0.0113,293538.68,-0.0113,20170427,3275.49,0.6127,1.47
74,201024.18,0.0031,294434.63,-0.0031,20170428,895.95,0.3052,1.47
75,200084.69,0.0,294444.77,-0.0,20170502,10.14,0.0034,1.47
76,202102.92,0.0086,296988.94,-0.0087,20170503,2544.17,0.8641,1.48
77,200077.02,0.0003,297069.65,-0.0003,20170504,80.71,0.0272,1.49
78,201670.56,-0.0009,296810.5,0.0009,20170505,-259.15,-0.0872,1.48
79,196966.98,-0.0173,291685.74,0.0171,20170508,-5124.76,-1.8123,1.46
80,198527.41,-0.0041,290475.7,0.0041,20170509,-1210.04,-2.2197,1.45
81,200308.31,-0.002,289906.46,0.002,20170510,-569.24,-2.4113,1.45
82,200018.68,0.0019,290444.43,-0.0019,20170511,537.97,-2.2302,1.45
83,201551.64,0.0056,292066.29,-0.0056,20170512,1621.85,-1.6842,1.46
84,202405.7,0.0068,294064.82,-0.0069,20170515,1998.53,-1.0115,1.47
85,199440.78,0.0019,294616.99,-0.0019,20170516,552.18,-0.8256,1.47
86,202129.3,0.0068,296623.07,-0.0068,20170517,2006.07,-0.1503,1.48
87,200443.59,0.0005,296757.59,-0.0005,20170518,134.53,-0.105,1.48
88,199811.04,-0.0009,296489.53,0.0009,20170519,-268.07,-0.1953,1.48
89,199827.79,-0.0034,295480.09,0.0034,20170522,-1009.43,-0.5351,1.48
90,200234.61,-0.0007,295276.14,0.0007,20170523,-203.96,-0.6037,1.48
91,200693.72,0.0045,296595.71,-0.0045,20170524,1319.57,-0.1595,1.48
92,201030.29,0.0028,297417.27,-0.0028,20170525,821.56,0.117,1.49
93,201483.29,0.0037,298514.42,-0.0037,20170526,1097.14,0.3689,1.49
94,199962.09,-0.0038,297369.4,0.0038,20170531,-1145.02,-0.3836,1.49
95,199790.09,-0.0022,296702.62,0.0022,20170601,-666.78,-0.6069,1.48
96,198651.88,-0.0034,295705.88,0.0034,20170602,-996.74,-0.9408,1.48
97,202050.67,0.0036,296783.57,-0.0037,20170605,1077.69,-0.5798,1.48
98,199768.71,-0.0007,296575.94,0.0007,20170606,-207.63,-0.6494,1.48
99,201257.92,0.0062,298425.2,-0.0063,20170607,1849.26,-0.0299,1.49
100,200543.86,-0.0,298415.26,0.0,20170608,-9.94,-0.0332,1.49
101,198119.6,-0.0065,296478.48,0.0065,20170609,-1936.78,-0.682,1.48
102,199572.75,-0.0037,295393.36,0.0037,20170612,-1085.12,-1.0455,1.48
103,199678.93,0.0003,295488.39,-0.0003,20170613,95.03,-1.0137,1.48
104,199563.65,-0.0051,293970.46,0.0051,20170614,-1517.93,-1.5222,1.47
105,199707.53,-0.0014,293548.87,0.0014,20170615,-421.6,-1.6634,1.47
106,199210.12,-0.0035,292509.03,0.0035,20170616,-1039.83,-2.0118,1.46
107,199181.44,-0.0033,291535.85,0.0033,20170619,-973.18,-2.3378,1.46
108,200151.66,-0.0002,291470.21,0.0002,20170620,-65.65,-2.3598,1.46
109,198979.45,-0.0042,290255.94,0.0042,20170621,-1214.27,-2.7665,1.45
110,200286.47,-0.0,290255.69,0.0,20170622,-0.24,-2.7666,1.45
111,200005.21,-0.0056,288632.2,0.0056,20170623,-1623.49,-3.3105,1.44
112,200405.29,-0.0024,287952.13,0.0024,20170626,-680.08,-3.5383,1.44
113,200076.86,-0.0053,286427.75,0.0053,20170627,-1524.37,-4.0489,1.43
114,199536.08,-0.0066,284537.83,0.0066,20170628,-1889.92,-4.682,1.42
115,201208.09,-0.0006,284365.11,0.0006,20170629,-172.73,-4.7399,1.42
116,198786.79,-0.004,283225.46,0.004,20170630,-1139.65,-5.1217,1.42
117,200350.1,0.0021,283809.85,-0.0021,20170703,584.39,-4.9259,1.42
118,197611.43,-0.0085,281386.49,0.0085,20170704,-2423.36,-5.7377,1.41
119,200608.82,0.0045,282657.28,-0.0045,20170705,1270.79,-5.312,1.41
120,200517.21,0.0029,283481.25,-0.0029,20170706,823.97,-5.036,1.42
121,201248.01,0.003,284331.57,-0.003,20170707,850.31,-4.7511,1.42
122,198536.46,-0.0082,282009.81,0.0081,20170710,-2321.76,-5.5289,1.41
123,198213.73,-0.0085,279602.82,0.0085,20170711,-2406.99,-6.3352,1.4
124,199883.54,-0.0001,279579.27,0.0001,20170712,-23.55,-6.3431,1.4
125,201018.23,0.0021,280152.48,-0.0021,20170713,573.21,-6.1511,1.4
126,199588.19,-0.0031,279293.05,0.0031,20170714,-859.43,-6.439,1.4
127,197489.96,-0.0091,276743.61,0.0091,20170717,-2549.44,-7.293,1.38
128,199974.74,0.0013,277089.56,-0.0013,20170718,345.95,-7.1772,1.39
129,199345.89,0.0002,277134.42,-0.0002,20170719,44.86,-7.1621,1.39
130,200356.39,-0.0012,276796.5,0.0012,20170720,-337.93,-7.2753,1.38
131,198825.65,-0.0059,275160.57,0.0059,20170721,-1635.92,-7.8234,1.38
132,199623.31,-0.0001,275143.7,0.0001,20170724,-16.88,-7.829,1.38
133,201156.33,0.0051,276557.52,-0.0052,20170725,1413.82,-7.3554,1.38
134,200452.62,0.003,277387.07,-0.003,20170726,829.55,-7.0775,1.39
135,201279.39,0.0065,279182.57,-0.0065,20170727,1795.51,-6.476,1.4
136,200733.3,0.0008,279410.71,-0.0008,20170728,228.13,-6.3996,1.4
137,199497.99,-0.0001,279380.7,0.0001,20170731,-30.01,-6.4096,1.4
138,200840.77,0.0029,280199.56,-0.0029,20170801,818.86,-6.1353,1.4
139,201145.3,0.0034,281162.44,-0.0034,20170802,962.89,-5.8128,1.41
140,200440.27,-0.0003,281080.52,0.0003,20170803,-81.93,-5.8402,1.41
141,199714.56,-0.0034,280120.43,0.0034,20170804,-960.09,-6.1618,1.4
142,199272.29,-0.0039,279016.73,0.0039,20170807,-1103.7,-6.5316,1.4
143,200621.09,0.0025,279713.26,-0.0025,20170808,696.52,-6.2982,1.4
144,200110.45,-0.001,279421.16,0.001,20170809,-292.09,-6.3961,1.4
145,199983.96,-0.0012,279080.79,0.0012,20170810,-340.37,-6.5101,1.4
146,200117.14,0.0002,279126.01,-0.0002,20170811,45.22,-6.495,1.4
147,200297.8,0.0024,279790.85,-0.0024,20170814,664.84,-6.2722,1.4
148,201394.68,0.0065,281599.84,-0.0065,20170815,1808.99,-5.6663,1.41
149,200762.06,0.0024,282288.56,-0.0024,20170816,688.72,-5.4355,1.41
150,200912.51,0.0031,283150.01,-0.0031,20170817,861.45,-5.147,1.42
151,200702.6,0.003,284009.83,-0.003,20170818,859.82,-4.8589,1.42
152,202965.66,0.0115,287287.92,-0.0116,20170821,3278.09,-3.7608,1.44
153,200262.22,0.0004,287414.25,-0.0004,20170822,126.33,-3.7185,1.44
154,199940.4,0.001,287688.0,-0.001,20170823,273.76,-3.6268,1.44
155,202102.74,0.0027,288475.5,-0.0027,20170824,787.49,-3.363,1.44
156,199693.68,-0.0006,288298.6,0.0006,20170825,-176.89,-3.4222,1.44
157,201978.49,0.0081,290622.74,-0.0081,20170828,2324.14,-2.6436,1.45
158,200839.86,-0.0022,289997.55,0.0021,20170829,-625.19,-2.8531,1.45
159,197845.49,-0.0078,287727.03,0.0078,20170830,-2270.52,-3.6137,1.44
160,201951.73,0.0079,290004.03,-0.0079,20170831,2277.0,-2.8509,1.45
161,200401.13,0.0023,290683.66,-0.0023,20170901,679.63,-2.6232,1.45
162,201135.2,0.0034,291685.72,-0.0035,20170904,1002.06,-2.2876,1.46
163,201204.82,0.0035,292715.87,-0.0035,20170905,1030.14,-1.9425,1.46
164,200459.79,0.0016,293196.69,-0.0016,20170906,480.82,-1.7814,1.47
165,200446.48,0.0013,293563.62,-0.0013,20170907,366.94,-1.6585,1.47
166,200248.69,0.0034,294553.32,-0.0034,20170908,989.7,-1.3269,1.47
167,202979.95,0.0112,297861.45,-0.0113,20170911,3308.13,-0.2187,1.49
168,201967.8,0.0029,298713.64,-0.0029,20170912,852.19,0.0667,1.49
169,199826.49,0.001,299017.87,-0.001,20170913,304.23,0.1018,1.5
170,202886.84,0.0075,301253.86,-0.0075,20170914,2235.99,0.7478,1.51
171,199633.95,-0.0046,299853.74,0.0046,20170915,-1400.11,-0.4648,1.5
172,198587.85,-0.008,297469.57,0.0079,20170918,-2384.18,-1.2562,1.49
173,200343.04,0.0039,298629.08,-0.0039,20170919,1159.51,-0.8713,1.49
174,200488.69,0.0029,299507.41,-0.0029,20170920,878.33,-0.5797,1.5
175,200914.65,-0.0003,299424.34,0.0003,20170921,-83.07,-0.6073,1.5
176,200392.36,0.0001,299458.35,-0.0001,20170922,34.02,-0.596,1.5
177,200598.51,0.0005,299614.83,-0.0005,20170925,156.48,-0.5441,1.5
178,199977.34,-0.0038,298491.19,0.0037,20170926,-1123.64,-0.9171,1.49
179,200078.45,0.0002,298549.42,-0.0002,20170927,58.23,-0.8977,1.49
180,200558.32,0.0002,298607.44,-0.0002,20170928,58.02,-0.8785,1.49
181,200115.17,-0.002,298011.21,0.002,20170929,-596.22,-1.0764,1.49
182,199691.89,-0.003,297119.92,0.003,20171009,-891.29,-1.3722,1.49
183,200434.52,0.0039,298283.17,-0.0039,20171010,1163.25,-0.9861,1.49
184,199427.12,-0.0058,296552.88,0.0058,20171011,-1730.29,-1.5605,1.48
185,198348.08,-0.0063,294681.12,0.0063,20171012,-1871.76,-2.1818,1.47
186,199831.98,0.0014,295101.04,-0.0014,20171013,419.93,-2.0424,1.48
187,199646.87,-0.003,294219.85,0.003,20171016,-881.19,-2.3349,1.47
188,199625.04,-0.0001,294193.51,0.0001,20171017,-26.34,-2.3437,1.47
189,201595.54,0.0026,294948.61,-0.0026,20171018,755.1,-2.093,1.47
190,199320.1,-0.0017,294442.89,0.0017,20171019,-505.72,-2.2609,1.47
191,200590.4,-0.0,294431.34,0.0,20171020,-11.55,-2.2647,1.47
192,200206.12,0.0002,294494.3,-0.0002,20171023,62.96,-2.2438,1.47
193,199837.35,-0.0004,294368.78,0.0004,20171024,-125.52,-2.2855,1.47
194,199786.14,0.0003,294461.63,-0.0003,20171025,92.84,-2.2547,1.47
195,200846.85,0.0024,295157.85,-0.0024,20171026,696.22,-2.0235,1.48
196,199745.62,-0.0014,294743.52,0.0014,20171027,-414.33,-2.1611,1.47
197,198754.37,-0.0068,292729.38,0.0068,20171030,-2014.14,-2.8297,1.46
198,199055.08,-0.0022,292077.68,0.0022,20171031,-651.7,-3.046,1.46
199,201607.54,0.0056,293707.03,-0.0056,20171101,1629.36,-2.5051,1.47
200,199863.68,-0.0042,292459.56,0.0042,20171102,-1247.47,-2.9192,1.46
201,199249.84,-0.0038,291351.25,0.0038,20171103,-1108.32,-3.2871,1.46
202,201188.57,0.0037,292415.28,-0.0037,20171106,1064.04,-2.9339,1.46
203,199259.31,-0.0014,292000.44,0.0014,20171107,-414.85,-3.0716,1.46
204,201222.65,0.0021,292612.73,-0.0021,20171108,612.29,-2.8684,1.46
205,200988.74,0.0037,293682.58,-0.0037,20171109,1069.85,-2.5133,1.47
206,200552.43,0.0011,293996.18,-0.0011,20171110,313.6,-2.4092,1.47
207,201492.4,0.0051,295503.95,-0.0051,20171113,1507.77,-1.9087,1.48
208,200649.78,-0.0022,294845.71,0.0022,20171114,-658.24,-2.1272,1.47
209,197594.36,-0.0101,291865.8,0.0101,20171115,-2979.91,-3.1163,1.46
210,199945.42,-0.0064,289990.35,0.0064,20171116,-1875.44,-3.7389,1.45
211,196970.79,-0.0102,287038.27,0.0101,20171117,-2952.08,-4.7188,1.44
212,201501.68,0.0069,289021.19,-0.0069,20171120,1982.91,-4.0606,1.45
213,199883.32,0.0011,289340.89,-0.0011,20171121,319.7,-3.9545,1.45
214,201609.64,0.0072,291424.26,-0.0072,20171122,2083.37,-3.2629,1.46
215,201167.91,0.0018,291961.78,-0.0018,20171123,537.52,-3.0845,1.46
216,199889.31,-0.0029,291111.64,0.0029,20171124,-850.14,-3.3667,1.46
217,199796.99,-0.0033,290151.31,0.0033,20171127,-960.33,-3.6854,1.45
218,199570.56,-0.0002,290103.43,0.0002,20171128,-47.88,-3.7013,1.45
219,200357.82,0.0016,290569.16,-0.0016,20171129,465.73,-3.5467,1.45
220,200634.37,0.0019,291118.91,-0.0019,20171130,549.75,-3.3643,1.46
221,199622.5,-0.0024,290425.1,0.0024,20171201,-693.81,-3.5946,1.45
222,197933.61,-0.007,288393.24,0.007,20171204,-2031.86,-4.269,1.44
223,199299.67,-0.0035,287380.05,0.0035,20171205,-1013.19,-4.6054,1.44
224,199514.09,0.0002,287448.11,-0.0002,20171206,68.07,-4.5828,1.44
225,200676.38,0.0041,288618.56,-0.0041,20171207,1170.45,-4.1942,1.44
226,201338.06,0.0059,290311.05,-0.0059,20171208,1692.49,-3.6324,1.45
227,200841.87,0.002,290881.66,-0.002,20171211,570.61,-3.443,1.45
228,198563.33,-0.0061,289116.5,0.006,20171212,-1765.16,-4.0289,1.45
229,199996.88,0.0002,289187.86,-0.0002,20171213,71.37,-4.0053,1.45
230,200707.01,0.0047,290540.8,-0.0047,20171214,1352.93,-3.5562,1.45
231,199740.55,-0.0035,289511.61,0.0035,20171215,-1029.19,-3.8978,1.45
232,197731.34,-0.0096,286735.19,0.0095,20171218,-2776.42,-4.8194,1.43
233,198958.93,-0.0028,285928.43,0.0028,20171219,-806.76,-5.0872,1.43
234,199658.54,-0.0015,285512.52,0.0015,20171220,-415.9,-5.2253,1.43
235,199836.34,-0.0003,285415.82,0.0003,20171221,-96.7,-5.2574,1.43
236,199693.23,-0.0025,284715.03,0.0025,20171222,-700.79,-5.49,1.42
237,198381.64,-0.0052,283227.5,0.0052,20171225,-1487.52,-5.9838,1.42
238,200422.52,0.0027,283991.35,-0.0027,20171226,763.85,-5.7302,1.42
239,200552.67,0.0018,284491.75,-0.0018,20171227,500.39,-5.5641,1.42
240,200602.57,0.0018,285000.46,-0.0018,20171228,508.71,-5.3952,1.43
241,199529.69,-0.0031,284120.68,0.0031,20171229,-879.78,-5.6873,1.42
242,198774.26,-0.0035,283117.22,0.0035,20180102,-1003.46,-6.0204,1.42
243,199571.75,-0.0016,282667.96,0.0016,20180103,-449.26,-6.1695,1.41
244,200664.69,0.0035,283653.84,-0.0035,20180104,985.87,-5.8423,1.42
245,200175.33,0.0003,283729.5,-0.0003,20180105,75.67,-5.8171,1.42
